P  Best Fit  Median  -1 Sig  +1 Sig  -2 Sig  +2 sig  
       31.622777       1811.8938       1840.9257       1811.6174       1910.1169       1797.7179       1955.1108
       26.302680       1810.9444       1837.3263       1810.3061       1896.1223       1797.1275       1932.9305
       21.877616       1810.1535       1833.0685       1809.2332       1883.6268       1796.4719       1915.0122
       18.197009       1809.4948       1829.6471       1807.6466       1873.0624       1796.2409       1899.3217
       15.135612       1808.9463       1827.5474       1806.7728       1863.8669       1794.8951       1886.0329
       12.589254       1808.4898       1825.8216       1805.9593       1856.3855       1794.1265       1876.1470
       10.471285       1808.1098       1823.2949       1805.3376       1849.9549       1793.1817       1868.1997
       8.7096359       1807.7936       1821.2444       1803.7256       1845.0420       1792.2413       1861.6209
       7.2443596       1807.5304       1819.5062       1802.7827       1840.1439       1792.1463       1856.5322
       6.0255959       1807.3114       1818.2815       1801.8242       1836.6291       1791.1163       1851.7580
       5.0118723       1807.1291       1816.9950       1801.4675       1834.5668       1790.7177       1848.3564
       4.1686938       1806.9766       1815.7501       1799.9369       1833.0216       1790.3521       1847.2616
       3.4673685       1806.8464       1814.6128       1798.9968       1831.6184       1789.3414       1845.7516
       2.8840315       1806.7212       1813.4349       1798.2265       1830.1685       1787.4175       1844.1794
       2.3988329       1806.5300       1812.1957       1797.7560       1829.3956       1786.5370       1843.5907
       1.9952623       1806.1269       1811.2490       1796.9920       1827.8315       1784.6553       1843.1018
       1.6595869       1805.2849       1810.1763       1795.4320       1827.4457       1781.1893       1842.5077
       1.3803843       1803.7403       1809.3759       1794.5615       1826.5731       1775.7698       1841.5272
       1.1481536       1800.5841       1808.4507       1792.1144       1826.1540       1771.2674       1840.8119
      0.95499259       1794.9518       1807.8267       1789.4920       1825.5312       1762.0541       1840.5110
      0.79432823       1786.6255       1807.1569       1786.6255       1824.9248       1744.1303       1839.7155
      0.66069345       1775.3705       1806.0805       1783.4444       1824.5953       1721.8782       1838.9924
      0.54954087       1761.0973       1805.3224       1777.7453       1823.9698       1702.2545       1838.6000
      0.45708819       1742.3631       1804.7488       1772.9060       1823.4494       1675.8241       1838.2734
      0.38018940       1719.6396       1803.8030       1763.8034       1823.0574       1653.8533       1838.0016
      0.31622777       1694.0976       1802.5646       1747.7557       1822.8966       1629.3213       1837.7755
      0.26302680       1666.1517       1801.4164       1727.9529       1822.5185       1605.8835       1837.5336
      0.21877616       1636.2055       1800.4525       1706.2215       1822.4041       1580.2097       1836.7348
      0.18197009       1603.0265       1798.9188       1684.9474       1821.9227       1553.2055       1835.4537
      0.15135612       1567.6227       1796.5595       1658.1759       1820.6244       1532.7304       1834.8811
      0.12589254       1531.3326       1794.2158       1629.4410       1819.0481       1507.1848       1833.1301
      0.10471285       1494.5529       1792.5304       1605.0234       1817.4620       1479.9204       1832.2716
     0.087096359       1457.6432       1789.3577       1577.7595       1815.8110       1453.5835       1831.8170
     0.072443596       1419.5923       1782.3654       1556.3888       1814.6109       1419.5923       1830.2212
     0.060255959       1381.4921       1773.6349       1533.3834       1813.3564       1381.4921       1829.2455
     0.050118723       1344.4864       1759.6572       1511.6448       1810.7716       1352.9979       1828.3085
     0.041686938       1308.8483       1745.2328       1492.0508       1809.7419       1333.7988       1826.9949
     0.034673685       1274.7949       1726.4667       1480.3098       1807.0070       1320.1498       1826.8690
     0.028840315       1241.6997       1704.0995       1459.8329       1804.9352       1295.3203       1825.3203
     0.023988329       1210.3302       1678.5022       1438.0450       1802.0896       1254.0162       1823.6161
     0.019952623       1181.2851       1652.7448       1412.1354       1798.5207       1237.5107       1823.0119
     0.016595869       1154.5844       1627.2384       1392.7872       1794.9725       1216.5066       1820.6609
     0.013803843       1130.2066       1602.0526       1373.6852       1789.7200       1188.7898       1819.4047
     0.011481536       1107.7735       1578.4529       1347.5956       1779.4575       1173.4090       1814.9687
    0.0095499259       1087.5396       1560.6658       1331.9308       1765.3948       1154.7358       1808.3390
    0.0079432823       1069.5885       1537.9094       1323.4415       1748.8205       1116.8606       1802.0691
    0.0066069345       1053.7529       1522.1504       1302.3924       1731.1577       1097.7602       1795.7703
    0.0054954087       1039.8606       1508.4977       1285.4419       1710.0053       1078.4007       1788.6246
    0.0045708819       1027.6493       1493.5957       1267.9359       1688.5637       1047.8661       1778.0681
    0.0038018940       1017.0570       1474.3875       1258.7611       1665.0584       1025.1151       1762.1810
    0.0031622777       1007.9573       1465.2273       1239.9118       1643.0611       1009.5547       1744.2142
    0.0026302680       1000.1681       1450.6550       1225.1608       1617.1353       994.42009       1723.6212
    0.0021877616       993.52384       1433.7678       1204.2108       1593.5781       969.56267       1708.1745
    0.0018197009       987.85759       1418.6775       1194.4664       1575.0358       959.52723       1686.8357
    0.0015135612       983.05871       1408.7966       1175.4918       1561.5741       946.71426       1664.7663
    0.0012589254       979.01311       1396.6347       1166.2990       1549.4089       935.60685       1642.7756
    0.0010471285       975.60886       1386.0428       1151.0305       1534.8306       925.98374       1623.4020
   0.00087096359       972.74937       1374.8164       1139.8713       1523.6334       917.73783       1598.6305
   0.00072443596       970.34890       1368.6557       1126.4775       1515.1090       910.64380       1587.7720
   0.00060255959       968.33983       1359.7908       1112.3988       1510.1001       902.61432       1574.7328
   0.00050118723       966.66146       1352.3315       1100.7377       1502.2263       900.62439       1562.7499
   0.00041686938       965.26054       1343.7767       1094.5273       1493.3603       895.16793       1552.0168
   0.00034673685       964.09216       1338.5546       1087.5832       1490.8326       891.50678       1545.2044
   0.00028840315       963.11826       1331.2195       1082.0470       1487.4785       888.42236       1539.8390
   0.00023988329       962.30738       1328.1278       1078.9286       1486.5499       885.83287       1537.5193
   0.00019952623       961.63264       1323.2698       1074.4796       1483.3039       879.08741       1536.2795
   0.00016595869       961.07140       1320.6161       1066.3078       1479.1193       869.49448       1536.0176
   0.00013803843       960.60473       1315.9267       1062.9498       1480.6839       863.48116       1536.0686
   0.00011481536       960.21690       1313.1304       1062.8001       1481.0165       858.80014       1536.5736
   9.5499259e-05       959.89468       1311.1056       1059.9617       1477.7182       855.74536       1538.6424
   7.9432823e-05       959.62700       1309.5252       1055.3075       1477.1397       853.99332       1541.1132
   6.6069345e-05       959.40467       1309.3242       1053.7516       1477.6741       850.04902       1543.9290
   5.4954087e-05       959.22003       1309.2714       1052.4554       1477.4034       846.89242       1546.3254
   4.5708819e-05       959.06677       1309.2655       1051.3766       1477.9878       845.04057       1546.3316
   3.8018940e-05       958.93955       1309.2610       1048.7349       1478.9121       841.12200       1546.3369
   3.1622777e-05       958.83394       1309.2577       1047.4508       1478.8299       837.81048       1546.3415
   2.6302680e-05       958.74627       1309.2552       1045.1525       1480.8029       835.01943       1546.3455
   2.1877616e-05       958.67350       1309.2534       1043.3580       1481.7039       833.92337       1546.3489
   1.8197009e-05       958.61313       1309.2522       1043.2658       1481.7554       833.84703       1546.3518
   1.5135612e-05       958.56303       1309.2513       1043.1896       1481.7580       833.78356       1546.3543
   1.2589254e-05       958.52146       1309.2508       1043.1265       1481.7603       833.32405       1547.0521
   1.0471285e-05       958.48696       1309.2504       1043.0743       1482.1608       832.63572       1547.1316
   8.7096359e-06       958.45833       1309.2502       1043.0313       1482.3030       832.40501       1547.2012
   7.2443596e-06       958.43458       1309.2502       1042.2905       1482.9589       831.94080       1547.2627
   6.0255959e-06       958.41487       1309.2502       1041.5218       1483.5454       831.55448       1547.3162
   5.0118723e-06       958.39852       1309.2503       1041.3514       1484.0749       831.23306       1547.3626
   4.1686938e-06       958.38496       1309.2504       1041.2984       1484.5417       830.96568       1547.5906
   3.4673685e-06       958.37370       1309.2506       1041.2543       1484.8230       830.74331       1547.9714
   2.8840315e-06       958.36437       1309.2507       1041.2178       1484.8303       830.55842       1548.2067
   2.3988329e-06       958.35662       1309.2509       1041.1875       1484.8358       830.40470       1548.2468
