       z/Rp        rho(g/cc)        P(bar)         T(K)
    9.42219e-01    9.46307e-04    1.00000e+02    2.94830e+03
    9.43595e-01    8.04128e-04    8.49753e+01    2.94830e+03
    9.44970e-01    6.83310e-04    7.22081e+01    2.94830e+03
    9.46346e-01    5.80645e-04    6.13591e+01    2.94830e+03
    9.47722e-01    4.93405e-04    5.21401e+01    2.94830e+03
    9.49098e-01    4.19273e-04    4.43062e+01    2.94830e+03
    9.50473e-01    3.56279e-04    3.76494e+01    2.94830e+03
    9.51849e-01    3.02749e-04    3.19927e+01    2.94830e+03
    9.53225e-01    2.57262e-04    2.71859e+01    2.94830e+03
    9.54601e-01    2.18609e-04    2.31013e+01    2.94830e+03
    9.55976e-01    1.85764e-04    1.96304e+01    2.94830e+03
    9.57352e-01    1.57854e-04    1.66810e+01    2.94830e+03
    9.58728e-01    1.34137e-04    1.41747e+01    2.94830e+03
    9.60104e-01    1.13983e-04    1.20450e+01    2.94830e+03
    9.61479e-01    9.68575e-05    1.02353e+01    2.94830e+03
    9.62855e-01    8.23050e-05    8.69749e+00    2.94830e+03
    9.64231e-01    6.99389e-05    7.39072e+00    2.94830e+03
    9.65607e-01    5.94308e-05    6.28029e+00    2.94830e+03
    9.66982e-01    5.05016e-05    5.33670e+00    2.94830e+03
    9.68358e-01    4.29139e-05    4.53488e+00    2.94830e+03
    9.69734e-01    3.64662e-05    3.85353e+00    2.94830e+03
    9.71109e-01    3.09873e-05    3.27455e+00    2.94830e+03
    9.72485e-01    2.63316e-05    2.78256e+00    2.94830e+03
    9.73861e-01    2.23753e-05    2.36449e+00    2.94830e+03
    9.75237e-01    1.90135e-05    2.00923e+00    2.94830e+03
    9.76612e-01    1.61568e-05    1.70735e+00    2.94830e+03
    9.77988e-01    1.37293e-05    1.45083e+00    2.94830e+03
    9.79364e-01    1.16665e-05    1.23285e+00    2.94830e+03
    9.80740e-01    9.91366e-06    1.04762e+00    2.94830e+03
    9.82115e-01    8.42417e-06    8.90215e-01    2.94830e+03
    9.83491e-01    7.15847e-06    7.56463e-01    2.94830e+03
    9.84867e-01    6.08293e-06    6.42807e-01    2.94830e+03
    9.86243e-01    5.16899e-06    5.46228e-01    2.94830e+03
    9.87618e-01    4.39237e-06    4.64159e-01    2.94830e+03
    9.88994e-01    3.73243e-06    3.94421e-01    2.94830e+03
    9.90370e-01    3.17165e-06    3.35160e-01    2.94830e+03
    9.91746e-01    2.69512e-06    2.84804e-01    2.94830e+03
    9.93121e-01    2.29018e-06    2.42013e-01    2.94830e+03
    9.94497e-01    1.94609e-06    2.05651e-01    2.94830e+03
    9.95873e-01    1.65370e-06    1.74753e-01    2.94830e+03
    9.97249e-01    1.40526e-06    1.48497e-01    2.94826e+03
    9.98624e-01    1.19436e-06    1.26186e-01    2.94768e+03
    1.00000e+00    1.01528e-06    1.07227e-01    2.94660e+03
    1.00138e+00    8.63195e-07    9.11163e-02    2.94504e+03
    1.00275e+00    7.34005e-07    7.74264e-02    2.94303e+03
    1.00413e+00    6.24241e-07    6.57933e-02    2.94059e+03
    1.00550e+00    5.30964e-07    5.59081e-02    2.93775e+03
    1.00688e+00    4.51683e-07    4.75081e-02    2.93453e+03
    1.00825e+00    3.84286e-07    4.03702e-02    2.93096e+03
    1.00961e+00    3.26982e-07    3.43047e-02    2.92708e+03
    1.01098e+00    2.78252e-07    2.91505e-02    2.92289e+03
    1.01234e+00    2.36803e-07    2.47708e-02    2.91848e+03
    1.01370e+00    2.01509e-07    2.10490e-02    2.91435e+03
    1.01506e+00    1.71459e-07    1.78865e-02    2.91051e+03
    1.01642e+00    1.45876e-07    1.51991e-02    2.90696e+03
    1.01778e+00    1.24098e-07    1.29155e-02    2.90369e+03
    1.01913e+00    1.05561e-07    1.09750e-02    2.90071e+03
    1.02048e+00    8.97846e-08    9.32603e-03    2.89801e+03
    1.02183e+00    7.63583e-08    7.92483e-03    2.89559e+03
    1.02318e+00    6.49853e-08    6.73415e-03    2.89116e+03
    1.02453e+00    5.53621e-08    5.72237e-03    2.88382e+03
    1.02588e+00    4.72107e-08    4.86260e-03    2.87364e+03
    1.02723e+00    4.02990e-08    4.13201e-03    2.86069e+03
    1.02858e+00    3.44325e-08    3.51119e-03    2.84505e+03
    1.02993e+00    2.94484e-08    2.98365e-03    2.82677e+03
    1.03126e+00    2.52098e-08    2.53536e-03    2.80592e+03
    1.03258e+00    2.16018e-08    2.15443e-03    2.78258e+03
    1.03388e+00    1.85278e-08    1.83074e-03    2.75681e+03
    1.03517e+00    1.59064e-08    1.55568e-03    2.72867e+03
    1.03644e+00    1.36690e-08    1.32194e-03    2.69824e+03
    1.03769e+00    1.17474e-08    1.12332e-03    2.66789e+03
    1.03894e+00    1.00933e-08    9.54548e-04    2.63857e+03
    1.04017e+00    8.66979e-09    8.11131e-04    2.61028e+03
    1.04138e+00    7.44495e-09    6.89261e-04    2.58301e+03
    1.04258e+00    6.39128e-09    5.85702e-04    2.55678e+03
    1.04377e+00    5.48509e-09    4.97702e-04    2.53157e+03
    1.04495e+00    4.70592e-09    4.22924e-04    2.50739e+03
    1.04612e+00    4.03613e-09    3.59381e-04    2.48425e+03
    1.04728e+00    3.46053e-09    3.05386e-04    2.46213e+03
    1.04842e+00    2.96600e-09    2.59502e-04    2.44104e+03
    1.04956e+00    2.54126e-09    2.20513e-04    2.42097e+03
    1.05069e+00    2.17655e-09    1.87382e-04    2.40194e+03
    1.05181e+00    1.86350e-09    1.59228e-04    2.38394e+03
    1.05292e+00    1.59487e-09    1.35305e-04    2.36696e+03
    1.05402e+00    1.36444e-09    1.14976e-04    2.35102e+03
    1.05511e+00    1.16684e-09    9.77010e-05    2.33610e+03
    1.05620e+00    9.97459e-10    8.30218e-05    2.32221e+03
    1.05728e+00    8.52314e-10    7.05480e-05    2.30935e+03
    1.05836e+00    7.27986e-10    5.99484e-05    2.29752e+03
    1.05943e+00    6.21531e-10    5.09414e-05    2.28671e+03
    1.06049e+00    5.30415e-10    4.32876e-05    2.27694e+03
    1.06155e+00    4.52460e-10    3.67838e-05    2.26820e+03
    1.06261e+00    3.85792e-10    3.12572e-05    2.26048e+03
    1.06366e+00    3.28801e-10    2.65609e-05    2.25379e+03
    1.06471e+00    2.80103e-10    2.25702e-05    2.24813e+03
    1.06576e+00    2.39058e-10    1.91791e-05    2.23836e+03
    1.06680e+00    2.03467e-10    1.62975e-05    2.23476e+03
    1.06784e+00    1.73096e-10    1.38489e-05    2.23219e+03
    1.06888e+00    1.47191e-10    1.17681e-05    2.23064e+03
    1.06993e+00    1.25105e-10    1.00000e-05    2.23013e+03